1010110111111000010101000101100010100010101110110100101010011010
1010111111011100010101100010000000100111001111010011110011110001
1101100010111001110001011000001111001110001011010011011010010101
1010100111100001001101100100000100010100011001000011001111111011
1100110010010011100111011100111000100100100110110011111011111001
0111110100101111111000110110001101100011000011000111010111011000
1111011010000001101100100000001010101110110001000110000101111010
1101001111011111000111101101010111010101111111010110010101100001
0010010000110011111101010001111101011111000001100110111011010000
1000010101100011011001010101010100111101111011010001101011110011
1011010101010111000100110101111001111111010101111100100100110101
1001100001001111000011000111000011100000111001101000101101110111
1110001010100110100010011101101011110011111011111110100001110010
0001110111110001010110001010000100110110101011011110011100110101
0011000010101100110010100100111101001000001110100111100101111010
1011110000001010101100011000001010110011001001001111101101100001
1101000100001000101010010100101110110010110010001110001111111011
1011100101101010110110101011011101100000110101111111010001101000
0001110101001111010000101010001111011110001110010100110111110100
1010111001010110111011011110011101100011011100101011101100011001
0000101100000111101001111100100011101110000010100110110101110000
1001111000000010111111001110000111001101111101111110001011101100
1100000000110100000001001100110100101000001101000010111101100001
1001000101110010111111101001110011101001100001011000001111111111
1000111001001111000100100011001011101110111100101000000110000011
1100001111111110001110110001101101001100011011111010110101110011
0011101110110101111111001011110000101110110000100010000000000101
1100010110001110111100011000001101111101000101101000001110110010
1100011011110011010010100010011011000001101100101110111111111010
1000100001101011010000100011100001100001000111111100111111011100
1101111000110101010110110011101101100101000110010000001101011011
1011110000110100111101001101111011111001100111000000001000111000
0110000110110100011011111100100111010110111001101100100100000111
0111101011011001000111010010011010010001111101111111011111101110
0101100110001100101100001111101011000001100001101101100100011100
1010111011111110000100110000100110000101000100111001001001110000
1011010000010011000011001001001110111100010000110111100101000100
1111010011111101010001000101001011100010110101110100110111010011
0110010011110010111000100001111001110001111101010100101111111111
0101110010101110100000101010101110011100100111011111011010011110
1110100001101101001010111100010100100010001101100011101000001101
1010101111000101001000011001011110011011000011011110101011011010
0001110110111111100110100100001011010101110001000100100001001110
0000101010111100110100000110101111111010010100111101110111101111
0011110000011011001000001110111000111111110101011001110101111100
0010010111100100000111010010101101100110100111100001111011110001
0110111001101111010100101100001100010110010011011111010011111011
0111100100110000111010011110010011100101100010000101011110110110
1010110001111101010111110100001011010110100111110110110100011000
0111011101100011110011110001110101010101000000110100000000000100
1000011111110101010110111010010101111110001100011100110001111010
0111000100110101110010001000011011101111101101000011000110001010
1110110101101010000111100000000100101101100111100110100000110010
1010100100000111011000000000101010010001100000010011000011000100
0110110111000111011110001111100101110001101011010000000000111000
0000100100101001100110011010001100110011110010111000101101111010
0001101000011101101110010011110101110001010000000000000000111100
0010101001001110110011101010100111111001100011010000101011001100
0000101010000010100100011100110111001110110010010111110111001111
1000111011001001101101010101101001111111100010001010010001101011
0100110110110101101010000101000111110100010000011000001011100001
1100011010001010000000000111111001011110000011011101100100000010
0000101111111101011001001011011001000101000000110110110001111010
0100111001100111011111010010110000111000010100110010101000111010
0010001110111010010001000100001011001010111101010011111010100110
0011101110110100010101000011001010011011011101100010010011001000
1001000101111011110111010110010010110001110000001111110101001100
1011001110001110100011000011001101001100011100000001110000111010
1100110110101101000001100101011111111100110011111110110001110001
1001101100011111010111000011111001001110010001100000010000011111
0011100010000001010001111111101101001100111111011011010001110111
1010010100100100011100011111011110101001101010010110100100010000
1011100001010101001100100010111011011011011000110100000011011000
1010000000001110111100001001001000110101000001010001000111100011
0000101010111110110000011111111111111001111000111010001001101110
0111111110110010100111111000110000011000001100000010001111000011
0101100001111110001110001101101000000000011101111101100110110100
0111011000111110010011100100101110010100101100101011101111000001
1001010011000110011001010001111001110111110010101111100110010010
1110111010101010110000000010001100101010001010000001101111110110
1011001110100111001110011100000100100010011000010001011010000010
0000101011101000110110110101100001000111101001100111110010111110
1111100111001001000010010001101101000110001011010101001110001100
1101011100101011000000110111010001101010111001110111111101011110
0110001000101001001011000011000100010101011000101010100001000110
0101000001011101110010000010110110111000010101000011001110001010
1110010010011111010100100011010111001001010110111001000100010111
1000110011001111001011011101010111001010110011101111010000000011
1110110010011101000110000001000011000110001001110010101100000100
0101101100111011011100011111100111011100011010111000000011010110
0011111111011101010010101000111010011010110110110001111001101001
0110001010100110100101010010011011010100001100010110000111000001
1010010000011101010101110000110101111001001110001101101011010100
1010010000001110001100101001110011001111111101000110101010101010
0011011010101101000000000100110011110110000000001100100000111000
0001111001000010010110100011000111011001010100011010111001100100
1111110110110010001111111100111011001001010100001001110101000011
0110100001111111111010110110100111101101110100011100110001011110
0000101110001100110000111011110111110110010010110001000011101111
1000011010110110001100010100001010100011101010111000100000101001
0101010101011011001011110111010001111100100100110010011001100101
1100101100101100000011110001110011000000000110111101011100000010
0010100100111000100010000011100111010010101011110000010111100100
0101010001010000010010101100011110001011011101011000001010000010
0010100001000110110000001011101000110101110000110101111101011100
0101100100010110000011001100000001000110111111011000001001010001
0101010000011111110001101000110010011100100001101011000000100010
1011101101110000100110011000011101101010010001100000111001110100
0101000110101000101010010011000100001001011100000011111111101110
0001110000100001011111100110110000111000001001101110010100101100
0101000110101010011010010001111000001110010000100011110011111100
1001100111101001111000110001011001010000110000010010000101111011
0110001001001000000101101100110110101101100110101001010111111001
1101010110111000000000011001010010001000110110011100000010100000
1010000111111110001100000111010110100101011101111110001000110001
1000001111111000000111010100101000111111001011111010010001010111
0001111011111100100011001110000010111010100010100100111111101000
1011011010000101010111011111111001110010101100001010011001101110
1101111011010010111110111010101111111011111001011000101000110000
1111101011111010101111100001110001011101011100011010100001111110
0010111101110100000111101111100011000001111111101000011011111110
1010011010111011111111011110010100110000011001110111111100001101
1001011111010001000111010100100111110111101010000100010000111101
0000100000100010111001010000011010101001111101000110000101001110
0000000100011110001010101001010010000011100011111111100010001100
1101011010001100100010111011011111000101000111101110111101101101
0100100111101010100010101011010011110010110000111101111101011011
1011010011100000011100110101101010110000110101101000011101001001
